0 0.37265625 0.2515625 0.17109375 0.1640625
0 0.53359375 0.34296875 0.13046875 0.13203125
0 0.54296875 0.22421875 0.109375 0.10546875
0 0.6734375 0.253125 0.13828125 0.184375
0 0.3734375 0.41953125 0.18125 0.15
0 0.50234375 0.465625 0.0765625 0.08984375
0 0.58046875 0.4578125 0.06875 0.07421875
0 0.6796875 0.4203125 0.1421875 0.13984375
0 0.39609375 0.58671875 0.2109375 0.1546875
0 0.625 0.63671875 0.246875 0.2640625
0 0.41875 0.7484375 0.27265625 0.15234375
0 0.3734375 0.8875 0.103125 0.121875
0 0.47421875 0.88203125 0.09375 0.1234375
0 0.56171875 0.89296875 0.0890625 0.11484375
0 0.64765625 0.88515625 0.11796875 0.10078125