0 0.128125 0.184375 0.19140625 0.24296875
0 0.3703125 0.17421875 0.21171875 0.25546875
0 0.60859375 0.15859375 0.1890625 0.25703125
0 0.85546875 0.16171875 0.19921875 0.23671875
0 0.125 0.43125 0.20390625 0.215625
0 0.11875 0.66015625 0.1484375 0.2234375
0 0.3796875 0.4234375 0.19921875 0.2140625
0 0.60859375 0.42890625 0.18671875 0.2203125
0 0.8484375 0.43203125 0.1921875 0.21328125
0 0.84609375 0.6609375 0.17890625 0.1875
0 0.6140625 0.66015625 0.16875 0.240625
0 0.3671875 0.68125 0.17578125 0.2578125
0 0.11640625 0.89921875 0.1703125 0.2015625
0 0.36875 0.9125 0.16015625 0.175
0 0.609375 0.91796875 0.1578125 0.1640625
0 0.8703125 0.896875 0.19375 0.20625