0 0.06796875 0.4765625 0.1109375 0.165625
0 0.06875 0.64140625 0.1375 0.15078125
0 0.06171875 0.80390625 0.1234375 0.1625
0 0.23828125 0.478125 0.14296875 0.14921875
0 0.4 0.49453125 0.14765625 0.1546875
0 0.56484375 0.503125 0.15078125 0.18046875
0 0.74140625 0.48671875 0.15 0.165625
0 0.91484375 0.50234375 0.12421875 0.1546875
0 0.91171875 0.67578125 0.146875 0.1328125
0 0.734375 0.6671875 0.14921875 0.146875
0 0.56640625 0.66171875 0.15234375 0.134375
0 0.38984375 0.65390625 0.153125 0.1296875
0 0.23203125 0.646875 0.115625 0.146875
0 0.22890625 0.8140625 0.134375 0.1578125
0 0.38984375 0.8234375 0.15234375 0.14375
0 0.5609375 0.83359375 0.1546875 0.134375
0 0.72890625 0.834375 0.1484375 0.13671875
0 0.903125 0.84609375 0.13984375 0.13671875