1 0.47421875 0.13828125 0.1953125 0.16796875
1 0.2984375 0.47265625 0.1140625 0.13125
1 0.484375 0.459375 0.14765625 0.13359375
1 0.66484375 0.45546875 0.12421875 0.128125
1 0.29296875 0.6234375 0.14921875 0.1171875
1 0.48125 0.6140625 0.15859375 0.12578125
1 0.66875 0.6109375 0.15 0.14609375
1 0.29921875 0.76953125 0.14296875 0.1625
1 0.48203125 0.7609375 0.1421875 0.14765625
1 0.67109375 0.76015625 0.1453125 0.15390625
1 0.29609375 0.91484375 0.15546875 0.15625
1 0.48515625 0.91953125 0.125 0.128125
1 0.68046875 0.90546875 0.121875 0.15078125