1 0.27109375 0.11875 0.1625 0.196875
1 0.27109375 0.328125 0.21640625 0.18671875
1 0.26875 0.52578125 0.1921875 0.1796875
1 0.271875 0.709375 0.20859375 0.19765625
1 0.284375 0.8796875 0.16015625 0.16640625
1 0.51015625 0.121875 0.1828125 0.19140625
1 0.50078125 0.3328125 0.18359375 0.18125
1 0.515625 0.521875 0.18359375 0.1875
1 0.7640625 0.11640625 0.19765625 0.18203125
1 0.7515625 0.32109375 0.221875 0.14609375
1 0.75546875 0.50234375 0.2203125 0.18203125
1 0.74921875 0.696875 0.221875 0.17734375
1 0.51015625 0.690625 0.22265625 0.18125
1 0.5109375 0.88359375 0.17421875 0.17421875
1 0.75234375 0.884375 0.19453125 0.19140625